0,453
0,452
26,1
26,3
23,1
23,3
0,451
0,388
14,9
0,412
77,35
10,234
10,80
10,116
10,266
10,140
10,160
10,108
74,4
74,3
74,2
74,1
74,0
73,4
73,3
73,2
73,1
73,0
10,122
10,2
10,3
72,4
72,3
72,2
72,1
72,0
71,4
71,3
71,2
71,1
11,8
71,0
70,6
70,5
11,20
11,6
11,16
70,4
70,3
70,2
70,1
70,0
69,4
69,3
11,26
69,2
11,2
69,1
11,3
69,0
68,3
68,2
68,1
68,0
67,6
67,5
9,7
9,6
9,1
67,4
67,3
67,2
67,1
9,4
67,0
9,2
9,3
66,3
66,2
66,1
66,0
65,4
65,3
65,2
8,16
8,8
8,6
8,4
8,5
8,2
8,3
0,317
65,1
65,0
12,2
12,1
64,4
64,3
64,2
64,1
64,0
12,3
63,4
63,3
